---
version: 2
money:
  vict: 1000.000000
  shun: 1000.000000
  midr_ky: 1000.000000
  233: 1000.000000
  jjd: 1000.000000
  dd_rts: 800.000000
  beilei: 900.000000
  chun: 900.000000
  lwsb: 600.000000
  jinmuyan: 900.000000
  zou: 800.000000
  chdxd: 1000.000000
  kirito: 700.000000
  steves: 500.000000
  srroo: 900.000000
  srr: 900.000000
  leii: 800.000000
  bellei: 1000.000000
  lcy: 1000.000000
  sunjinhu: 1000.000000
  ddyymm: 1000.000000
  steve: 200.000000
  tangyuxing: 0.000000
  ssss: 0.000000
  djskqiwjdndia: 900.000000
  yoop: 1000.000000
  xin: 600.000000
  xiaobai: 1000.000000
  chunmmm: 1000.000000
  nover: 300.000000
  yozhangxin: 900.000000
  yoxi: 1000.000000
  zzz: 1000.000000
  hhhhhhhdf: 1000.000000
  kul: 900.000000
  kuku: 900.000000
  aou: 1000.000000
  kele: 1000.000000
  dada: 1000.000000
  wwww: 1000.000000
  tang: 1000.000000
  shark: 1000.000000
  jdjei: 1000.000000
  ppps: 0.000000
  15jj: 1000.000000
  dragon: 1000.000000
  zivs_153: 1000.000000
  15jjkk: 1000.000000
  zzzz: 800.000000
  exx6: 400.000000
  ctere: 1000.000000
  obcbn: 1000.000000
  hanjinlong1117: 1000.000000
  lelel: 1000.000000
  zjh: 900.000000
  aaas: 1000.000000
  xiao_xin: 1000.000000
  yed: 1000.000000
  fantuan: 1000.000000
  maria: 900.000000
  ggff: 900.000000
  lichanglong: 700.000000
  nba_s: 700.000000
  xiaoshuai: 800.000000
  game_difficulty: 1000.000000
  loll: 800.000000
  jiyi: 800.000000
  heheda: 1000.000000
  123nima: 700.000000
  lalala: 900.000000
  zimin: 1000.000000
  ziming: 900.000000
  xiaotang: 900.000000
  xiaonan: 1000.000000
  chenfeng: 900.000000
  nuest: 300.000000
  stevee: 900.000000
  stevex: 1000.000000
  stevep: 1000.000000
  steveexo: 1000.000000
  stevejj: 1000.000000
  shit: 1000.000000
  xiaohei: 800.000000
  xiaochou: 900.000000
debt:
  vict: 0.000000
  shun: 0.000000
  midr_ky: 0.000000
  233: 0.000000
  jjd: 0.000000
  dd_rts: 0.000000
  beilei: 0.000000
  chun: 0.000000
  lwsb: 0.000000
  jinmuyan: 0.000000
  zou: 0.000000
  chdxd: 0.000000
  kirito: 0.000000
  steves: 0.000000
  srroo: 0.000000
  srr: 0.000000
  leii: 0.000000
  bellei: 0.000000
  lcy: 0.000000
  sunjinhu: 0.000000
  ddyymm: 0.000000
  steve: 0.000000
  tangyuxing: 0.000000
  ssss: 0.000000
  djskqiwjdndia: 0.000000
  yoop: 0.000000
  xin: 0.000000
  xiaobai: 0.000000
  chunmmm: 0.000000
  nover: 0.000000
  yozhangxin: 0.000000
  yoxi: 0.000000
  zzz: 0.000000
  hhhhhhhdf: 0.000000
  kul: 0.000000
  kuku: 0.000000
  aou: 0.000000
  kele: 0.000000
  dada: 0.000000
  wwww: 0.000000
  tang: 0.000000
  shark: 0.000000
  jdjei: 0.000000
  ppps: 0.000000
  15jj: 0.000000
  dragon: 0.000000
  zivs_153: 0.000000
  15jjkk: 0.000000
  zzzz: 0.000000
  exx6: 0.000000
  ctere: 0.000000
  obcbn: 0.000000
  hanjinlong1117: 0.000000
  lelel: 0.000000
  zjh: 0.000000
  aaas: 0.000000
  xiao_xin: 0.000000
  yed: 0.000000
  fantuan: 0.000000
  maria: 0.000000
  ggff: 0.000000
  lichanglong: 0.000000
  nba_s: 0.000000
  xiaoshuai: 0.000000
  game_difficulty: 0.000000
  loll: 0.000000
  jiyi: 0.000000
  heheda: 0.000000
  123nima: 0.000000
  lalala: 0.000000
  zimin: 0.000000
  ziming: 0.000000
  xiaotang: 0.000000
  xiaonan: 0.000000
  chenfeng: 0.000000
  nuest: 0.000000
  stevee: 0.000000
  stevex: 0.000000
  stevep: 0.000000
  steveexo: 0.000000
  stevejj: 0.000000
  shit: 0.000000
  xiaohei: 0.000000
  xiaochou: 0.000000
...
