---
V: 1.000000
X: 88.195175
"Y": 76.716836
Z: 79.292206
...
