---
V: 1.000000
X: 89.227341
"Y": 65.000000
Z: 2.212812
...
