---
V: 1.000000
X: 89.861359
"Y": 65.000004
Z: 2.046536
...
