---
V: 1.000000
X: 181.010895
"Y": 105.000000
Z: 94.373817
...
