---
V: 1.000000
X: 86.363060
"Y": 77.000000
Z: 79.738388
...
